%YAML:1.0
cam0:
  T_imu_cam: [[0.9797075806738667, 0.19959540126443465, 0.01829568703952837, 0.01763686317829461],
    [0.06773714728400489, -0.2438048493371585, -0.9674558771941545, -0.10835418450066468],
    [-0.18863916679201082, 0.9490631545022571, -0.25237748219332334, 0.0762316943210091],
    [0.0, 0.0, 0.0, 1.0]]
  rostopic: /cam0/image_raw
  camera_model: pinhole
  distortion_model: radtan
  intrinsics: [241.9439697265625, 241.9439697265625, 323.2308349609375, 240.49070739746094]
  distortion_coeffs: [-0.02369929850101471, 0.09487513452768326, 0.0011382156517356634,
    1.6915510059334338e-06]
  resolution: [640, 480]
  cam_overlaps: []
cam1:
  T_imu_cam: [[0.9883945844054579, 0.02694724700689053, -0.1494991351035577, -0.0011352479466603393],
    [0.02654300529867868, -0.9996366282402067, -0.0046989733203342725, -0.0007713556452914605],
    [-0.14957143573448936, 0.000676283446882516, -0.988750690646041, -0.006000408672721044],
    [0.0, 0.0, 0.0, 1.0]]
  rostopic: /cam1/image_raw
  camera_model: pinhole
  distortion_model: radtan
  intrinsics: [241.62847900390625, 241.62847900390625, 322.3279724121094, 239.14724731445312]
  distortion_coeffs: [-0.02504565194249153, 0.09720715135335922, 0.001786214648745954,
    -0.0014650754164904356]
  resolution: [640, 480]
  cam_overlaps: []
