%YAML:1.0
imu0:
  T_i_b: [[0.9801117887156177, 0.19763546392683018, 0.017919403424752678, 0.016782968453903657],
    [0.06710763034901135, -0.245107115815542, -0.9671706507775796, -0.10892920951896103],
    [-0.18675504697226494, 0.9491378852279647, -0.25349522136595404, 0.07605583222544973],
    [0.0, 0.0, 0.0, 1.0]]
  accelerometer_noise_density: 0.0007844799999999999
  gyroscope_noise_density: 0.00017453292519943296
  accelerometer_random_walk: 0.0064483304620110765
  gyroscope_random_walk: 0.00024437102728225855
  rostopic: /imu0
  update_rate: 1000.0
  time_offset: 0.0
  model: kalibr
  Tw:
  - [1.0, 0.0, 0.0]
  - [0.0, 1.0, 0.0]
  - [0.0, 0.0, 1.0]
  R_IMUtoGYRO:
  - [1.0, 0.0, 0.0]
  - [0.0, 1.0, 0.0]
  - [0.0, 0.0, 1.0]
  Ta:
  - [1.0, 0.0, 0.0]
  - [0.0, 1.0, 0.0]
  - [0.0, 0.0, 1.0]
  R_IMUtoACC:
  - [1.0, 0.0, 0.0]
  - [0.0, 1.0, 0.0]
  - [0.0, 0.0, 1.0]
  Tg:
  - [0.0, 0.0, 0.0]
  - [0.0, 0.0, 0.0]
  - [0.0, 0.0, 0.0]
